每幅图像的标定误差：
第1幅图像的平均误差：0.175779像素
第2幅图像的平均误差：0.286097像素
第3幅图像的平均误差：0.232641像素
第4幅图像的平均误差：0.222832像素
第5幅图像的平均误差：0.163032像素
第6幅图像的平均误差：0.249772像素
第7幅图像的平均误差：0.168839像素
第8幅图像的平均误差：0.155171像素
第9幅图像的平均误差：0.20922像素
第10幅图像的平均误差：0.147516像素
第11幅图像的平均误差：1.12534像素
总体平均误差：0.285113像素

相机内参数矩阵：
[3060.777172857806, 0, 2002.667154748952;
 0, 3058.368802047527, 1508.366207572127;
 0, 0, 1]

畸变系数：
[0.2599444777425253, -1.270511201628687, 0.00118508502566485, -0.001125103788024728, 1.791119851284598]


第1幅图像的旋转向量：
[0.1602822007513481;
 -0.04548303150044299;
 0.005858609909223108]
第1幅图像的旋转矩阵：
[0.998950918444517, -0.009468134758359417, -0.04480420697940674;
 0.002194883514966505, 0.9871674095461123, -0.1596736923114574;
 0.04574106497679849, 0.1594078415706573, 0.9861525718774821]
第1幅图像的平移向量：
[-129.9847047141444;
 -73.81426399742497;
 279.6326319220568]

第2幅图像的旋转向量：
[0.2396460387851206;
 0.328952223587476;
 0.09200898968989665]
第2幅图像的旋转矩阵：
[0.9425039012600698, -0.05051477970507583, 0.3303553437450291;
 0.1282097361515493, 0.9675273299113307, -0.2178373921772872;
 -0.308623815778204, 0.2476673634252175, 0.9183747695949092]
第2幅图像的平移向量：
[-151.3072332912134;
 -85.79576289988542;
 320.2919986041214]

第3幅图像的旋转向量：
[0.297267561014659;
 -0.3209310832205001;
 0.03486204161533]
第3幅图像的旋转矩阵：
[0.9487248053858188, -0.08069438294901596, -0.3056299399700851;
 -0.01318676150175629, 0.9559225513348949, -0.2933226639223108;
 0.315828043350707, 0.2823127563711259, 0.9058433388966335]
第3幅图像的平移向量：
[-78.03267084406764;
 -63.22506879917481;
 217.2462358572702]

第4幅图像的旋转向量：
[0.7354450661610296;
 -0.2676955702672555;
 0.1887978145338055]
第4幅图像的旋转矩阵：
[0.9491834131400716, -0.262286841763981, -0.1739438439762681;
 0.07581863490461116, 0.7269760083423381, -0.6824642246270803;
 0.3054543874639308, 0.6345955372771833, 0.7099197991653126]
第4幅图像的平移向量：
[-84.19564283910111;
 -38.07582995335451;
 225.0093395442811]

第5幅图像的旋转向量：
[0.0369288311166943;
 -0.4358560089916035;
 0.2789906861710382]
第5幅图像的旋转矩阵：
[0.8690736072978863, -0.2745109887443101, -0.4115273771656761;
 0.2587731508709264, 0.9612805535614545, -0.09474256558124408;
 0.4216011402813946, -0.02415397282446172, 0.9064596318150208]
第5幅图像的平移向量：
[-63.92179380597017;
 -99.0707141867579;
 331.5493457690532]

第6幅图像的旋转向量：
[0.5913956963142258;
 0.5500205133807425;
 -0.02431455908085184]
第6幅图像的旋转矩阵：
[0.8565112417925099, 0.1757356700742864, 0.485289055045129;
 0.1322278418939936, 0.8341551345701619, -0.5354446836959839;
 -0.4989030872936244, 0.5227831153870377, 0.6912261017605698]
第6幅图像的平移向量：
[-154.3650876735107;
 -40.63481831751208;
 427.34737437352]

第7幅图像的旋转向量：
[0.2461885987431808;
 0.3539020941082288;
 -0.2511993703474039]
第7幅图像的旋转矩阵：
[0.9077637188123864, 0.2835724040100857, 0.3091144165060042;
 -0.1982383731122301, 0.9394176902789267, -0.2796353887061201;
 -0.3696844306076779, 0.1925645213297283, 0.9089842280762245]
第7幅图像的平移向量：
[-159.2720305924649;
 -47.47335801736056;
 417.7571647510402]

第8幅图像的旋转向量：
[-0.3318385000049276;
 0.02417486970749553;
 0.05122211895410866]
第8幅图像的旋转矩阵：
[0.9984110263721068, -0.05423346842525228, 0.0153020691791526;
 0.04628678947124706, 0.9441600915014228, 0.3262196418618436;
 -0.03213962568296121, -0.3249930037994544, 0.9451701391508128]
第8幅图像的平移向量：
[-92.95222333213935;
 -22.69575658498785;
 490.1451913717617]

第9幅图像的旋转向量：
[0.6919469965216404;
 0.01471657234837398;
 0.02080885177123678]
第9幅图像的旋转矩阵：
[0.9996879780418364, -0.01429414978533642, 0.02048472212502275;
 0.02407683592744667, 0.7698097774664662, -0.6378191063998888;
 -0.006652257537696722, 0.6381133001269792, 0.7699137378113914]
第9幅图像的平移向量：
[-127.9977009539794;
 28.41007719964722;
 372.1847864391329]

第10幅图像的旋转向量：
[0.02203271515967744;
 -0.09595849547652718;
 0.06735932319694772]
第10幅图像的旋转矩阵：
[0.9931354907517289, -0.06825553460086807, -0.09498988896546916;
 0.06614381446620686, 0.9974916173193124, -0.02520851414824774;
 0.09647223858282995, 0.01875247647784429, 0.9951590083040827]
第10幅图像的平移向量：
[-136.3530244862796;
 -69.87928222663966;
 408.138130072574]

第11幅图像的旋转向量：
[0.2266777959494406;
 0.3372035159794155;
 0.1744102089342771]
第11幅图像的旋转矩阵：
[0.929103876333956, -0.1311827544541216, 0.3457702588642445;
 0.2063820622341261, 0.9597611708481433, -0.1904335561821771;
 -0.3068752700515412, 0.2482933343165513, 0.9187915915836208]
第11幅图像的平移向量：
[-230.2452289647783;
 -15.48902834613018;
 462.3213260432971]


